73245,Nullpicker,152,4,39088,137
204035,Engel+desTodes,1629,1,551,198
205615,lililiililililililililil,733,230,2324134,47
256479,sdhfsod,643,255,2667230,35
257652,mpeG,643,206,2056746,60
475867,Livonia,173,1,2027,176
503235,TizianW,643,339,3455446,5
532123,doenges-team,733,172,1680435,78
557668,iililliiilililiililiiili,733,185,1806790,71
682881,Brausi,0,1,5948,153
832699,lllliiiilllliiiilllliiii,733,321,3099881,14
840147,Black+Willy,0,1,7693,150
877948,Kupfersulfid,2357,3,12193,141
882734,Mr.Lange,0,2,6924,151
1257571,Invasion+Marc,643,350,3501432,4
1318153,Scaleo+H1,0,0,0,225
1499771,Sovelles,882,2,19723,139
1515293,Hummes,152,262,2760907,29
1656346,ibelox,2010,73,655609,105
1789761,Leonardo+di+Caprisonne,0,7,66773,132
2053085,der+peruaner,4,55,540884,114
2062749,St.+Rike,0,1,1601,178
2142180,Legolas42,31,1,4880,156
2216242,sparti+andreas,0,1,1430,180
2444984,Bauernsepp,2370,1,311,206
2619870,cpu-007,0,1,3196,166
2660493,liillilillillillililliil,733,191,1926317,69
2667871,dev.baker,882,304,3178197,12
2679744,tortelinie,733,102,1059582,95
2811774,%C3%96l%C3%BCms%C3%BCz+Kahraman,307,1,4425,157
2920276,Wiesele,0,0,0,226
2951338,kerls,0,0,0,227
3109521,bananenfaust,4,57,598208,111
3220309,Prinz-Porko,0,1,407,203
3232988,Kaiserbvb,4,228,2384090,44
3240324,lililililililillilililil,733,231,2332225,46
3257711,NAxxxOR,0,1,26,218
3468221,Graf+von+Leipzig,0,1,768,192
7805538,Matzerot29,2325,1,3440,164
7806902,Aiyomayo,0,25,197884,127
7860348,Vollmond62,2391,1,2308,173
7901609,app3l,399,1,610,196
7924203,2%2Agood%2A4%2Ayou,760,1,26,219
8051624,BuiHu,0,1,26,220
8116656,starwars71,307,1,361,204
8198259,Tiger1896,152,263,2766252,28
8198979,Feel+my+Hardstyle+Spirit,0,1,26,221
8300935,Bashtime%3F,733,204,2055431,61
8311997,Herzog+Uli,152,53,529426,116
8315602,Sora,882,231,2312721,48
8332271,nonstop6,2308,1,5187,155
8349391,Sam-Olena,349,1,8434,148
8487021,graf+pit,0,1,737,193
8531744,Angus+von+Geldar,399,1,435,202
8590904,zitronenkuchen,0,1,1153,183
8593822,Der+bvb+Boss,0,1,231,209
8645048,lillillllillllillilliill,733,227,2286892,49
8766603,reporunner,0,1,1821,177
8829737,simba46,0,1,288,207
8839915,BierBaron.,882,205,2061626,59
8880253,X-Tempo-X,1107,1,579,197
8897367,Zwoogel1,882,1,3933,160
8922762,Yzerman19,0,1,1139,184
8979093,colderaser,643,324,3395303,7
9079088,Linus04,0,1,326,205
9263618,Jinxor,4,40,354269,119
9268817,K%C3%A4tzchen1001,152,59,592326,112
9306541,Uwe752,2309,1,701,194
9380418,Madafiii,643,163,1604881,81
9415506,AvalonFee,152,106,1059454,96
9490221,und+alle+so+yeeow,643,206,2090848,58
9519677,zimmerer20,0,1,1008,185
9574714,Rest+In+Peace%3F,733,214,2163390,52
9589757,illilliiiillillililiilli,733,201,2041609,63
9637025,Ninkasi,643,97,917095,98
9694313,Lerbanoel,882,305,3054527,16
9763267,hagenxd,4,210,2094717,57
9791018,Lord+Gandolph,2390,1,218,211
9795724,willschmitt,0,1,869,188
9863797,Lord+Wormar,0,1,222,210
9868037,Action+Jacks0n,882,291,3080745,15
9883742,luchse,399,1,3889,161
9890811,LoveMarie2009,2089,1,807,191
9915682,Marius73,4,78,816738,102
9964090,Abelos,733,16,154950,129
10019011,HandballPower,0,0,0,228
10125062,Tavas,2244,1,44,217
10174050,Chilla008,4,111,1096831,92
10175716,Baldor01,0,1,438,201
10186624,iliiiliiililiilliliiilii,4,332,3413786,6
10242175,ilillilllillllilllillili,733,220,2221022,51
10283391,Br0+von+Wotan,882,1,10503,143
1575844777,TaKeItEaSy,882,1,10170,145
1575855752,michaelsch,31,1,8360,149
1575903781,Black+Trinity,643,161,1618972,79
1576027166,Bauer19,4,111,1060309,94
1576057331,baarbratings,643,304,3183184,11
1576084971,Timschka,643,19,199319,126
1576124128,Jawi42,643,85,876515,99
1576125761,liiiliilllliilllliiliiil,733,62,649362,106
1576133947,DasHaze,882,3,30279,138
1576172159,l+ber,2201,1,2490,172
1576187360,Speckfalte,643,157,1523757,82
1576188624,kartoffelklaus1,31,1,10797,142
1576192923,Klaus+der+Nikolaus,4,116,1146973,91
1576218773,lilliililliililliilillii,733,269,2528653,40
1576221095,lilililililililililiiili,733,259,2675176,34
1576260161,tEaCh+YoU+hOw+To+PlAy,882,308,2991564,17
1576336178,gar+kein+bock,1836,21,229505,122
1576340438,armin77,0,1,3627,163
1576348420,VfB-xandi,882,235,2460287,42
1576373467,Askandi,643,275,2754603,30
1576436373,Ds-Koryph%C3%A4e,152,24,200806,125
1576450184,Sir+Goffy,399,1,895,187
1576450468,b0nes,733,167,1689701,77
1576502624,MJ.White,643,85,832691,100
1576502833,Goettlich,152,61,609684,108
1576505643,NiPz+i+Storm,55,1,445,200
1576650707,dcmudzborgh,0,0,0,229
1576655476,alpaalpaalpa,882,340,3384738,8
1576661570,lililillilillillliililil,733,216,2118887,54
1576694124,Trinfect,2315,1,71,215
1576814505,llllllllilililiililllill,733,265,2697883,33
1576838942,Dosenmaster69,31,5,41869,136
1576841685,Lady+Kenispuchen,174,1,4390,158
1576860154,Schlucke13,0,0,0,230
1576879408,chris3009,643,206,2108511,56
1576880392,stefan1809,0,1,3054,167
1576882939,BergerHustler,4,40,369185,118
1576884345,Gin.,0,69,492521,117
1576885344,fe08,643,286,2954210,19
1576920076,Schnappi1488,0,1,4443,159
1576939408,lililililililililililili,733,297,3118735,13
1576944316,Andenkarakara,643,330,3196334,10
1576947159,TodescooI,733,261,2558544,37
1576950154,Lord+Burnsens,643,361,3663539,3
1576951925,xGreenkayx,0,1,3052,168
1576969873,Sun+Tzu,733,205,2013911,65
1576973217,jobi+B.,815,1,267,208
1576980922,iliiiliiliiliilliliiilil,733,141,1461287,86
1576991527,Wickie+1974,1107,1,1372,181
1576996406,lililililililililililiil,733,272,2820367,26
1577007100,MaGuggen,2146,1,1598,179
1577014280,KCLokFlens,882,216,2105112,55
1577018427,Zottel96,152,54,543863,113
1577019187,profi06,0,0,0,231
1577025920,Sikk97,0,1,206,212
1577030750,Arthrosetoaster,2225,1,2887,169
1577037113,Drunken+Jedi,2354,1,525,199
1577044420,DonJenser,882,237,2552193,38
1577060953,EasySnacks,733,172,1752661,72
1577064445,Nightwolf,643,234,2375928,45
1577070025,iilliiiliillliiiiillilll,733,250,2561995,36
1577073548,udolin,399,1,2250,174
1577091150,masterkill95,733,21,214852,123
1577091188,Ultimate+Goku,152,228,2282239,50
1577096184,Korri+Karte,0,1,26,222
1577118249,baba+hood,0,1,26,223
1577127316,St%C3%B6rtebeker+I.,0,1,10059,146
1577127763,iliilliiililiiiiililiili,4,234,2404134,43
1577133527,lllllllillililiilllllill,733,298,3208389,9
1577135728,Nilser,152,1,10175,144
1577136025,Minidekus92,4,59,537750,115
1577138412,Sven+1974,1107,1,914,186
1577148092,Etstargamer,4,100,972999,97
1577150723,XXDarkNightXX,643,168,1738229,74
1577153052,Schatten99,4,106,1080531,93
1577153597,Schermo,643,296,2914371,20
1577160178,%2AM%C3%BCnchen,4,170,1491365,83
1577163047,lililililililililililill,733,283,2904943,22
1577163311,Timo99,882,148,1477021,85
1577163330,lliilliilliilliilliillii,733,236,2532325,39
1577163397,derBabadook,617,1,6603,152
1577163886,Black+Cobra,152,30,313494,120
1577171033,L%C3%A4ufer,0,1,1182,182
1577171560,Harakiri+Kawasaki.,643,57,602303,110
1577173457,Hikaru+Matsuyama.,643,20,208754,124
1577173551,Mergimtar,882,78,773605,103
1577174560,Cherusker55,0,1,2089,175
1577175387,lllilllillilililillilill,733,288,2881760,23
1577175443,HilloGames,4,279,2843203,24
1577176189,lllllllilililiililllilll,733,192,2013501,66
1577176795,Tinchen285,55,1,2575,170
1577176958,MultiCore,0,1,53,216
1577177113,lllllllilililiilllllilll,733,266,2790635,27
1577178554,lilliililililililililili,733,236,2481127,41
1577179274,MasonGunner,152,207,2050328,62
1577181643,MadMaxx,643,82,830709,101
1577181814,Lord+Jesus+Kistus.,152,288,2980420,18
1577182589,Bitobsch,2010,9,56557,134
1577182941,Sweet+Svetlana,0,0,0,232
1577183490,lliilliiiiilliiiiilliill,733,176,1744555,73
1577183825,Watzinger95,152,1,9833,147
1577184672,maxidiekleine,643,131,1296576,89
1577184948,Mc+Hammer+1980,0,1,3795,162
1577185886,1Talent,0,1,26,224
1577186670,Nucle4r,643,279,2842232,25
1577187211,August.iner,643,195,2020593,64
1577187227,Heinz34,643,8,81342,131
1577187434,EyeSpy,882,272,2721491,31
1577188486,lililillillilllliiillill,733,168,1714187,75
1577188944,TinaEevee,399,1,3403,165
1577189774,Hugs,0,0,0,233
1577190002,F%C3%BCrstVelten,2314,6,44387,135
1577191248,Lorena3,399,1,840,189
1577192950,Dr4m4,643,407,4065027,1
1577193641,Lady+Cleo,31,17,166419,128
1577195219,llllllllilililiilllllill,733,268,2700047,32
1577195705,Schokokuss,4,201,1917231,70
1577195777,Eclair,4,136,1325345,88
1577195851,Vermicelles,733,6,66135,133
1577195942,Oxiro,643,273,2906418,21
1577196399,Stempa20,4,150,1609274,80
1577197167,ToStrikeBack,643,172,1712398,76
1577197349,d0ppelkeks,733,212,2126024,53
1577197647,hardknorr,643,141,1478491,84
1577197760,Linn214,643,188,1968619,68
1577197792,Kine84,0,1,84,214
1577197817,iliiiilliilliiililiillil,733,120,1228918,90
1577198203,OBiOnEX,882,204,2009972,67
1577198350,Paul+der+3.,4,139,1361811,87
1577199768,Orgasmusmensch,643,378,3736582,2
1577200265,DaJuWi,0,1,5377,154
1577201614,GreeceMousse,4,61,605876,109
1577204072,bigal5845,2010,33,308332,121
1577204751,NurzurInfo,4,61,690566,104
1577205847,HustleStyler,4,61,638881,107
1577206444,Mennyy,0,1,631,195
1577209100,XBj%C3%B6rnEisenseiteX,4,11,110566,130
1577209441,simbl,0,1,818,190
1577212881,Patzz,0,0,0,234
1577213636,Vachette,0,0,0,235
1577221475,Wimtee,0,1,153,213
1577228758,ag4ux32,1836,3,17058,140
1577230421,Zigeunerbaronin,0,1,2430,171
